{
 "cells": [
  {
   "cell_type": "code",
   "execution_count": 4,
   "metadata": {},
   "outputs": [],
   "source": [
    "# Enable interactive plots\n",
    "%matplotlib notebook\n"
   ]
  },
  {
   "cell_type": "markdown",
   "metadata": {},
   "source": [
    "# Week 8\n",
    "\n",
    "__Goals for this week__\n",
    "\n",
    "We will discuss recurrent neural networks in this lab. They are useful for processing sequences of data, such as sentences, time series, etc. We will also talk about word representations for natural language processing.\n",
    "\n",
    "__Feedback__\n",
    "\n",
    "This lab is a work in progress. If you notice a mistake, notify us or you can even make a pull request. Also please fill the [questionnaire](https://forms.gle/r27nBAvnMC7jbjJ58) after you finish this lab to give us feedback.\n",
    "\n",
    "\n",
    "## Recurrent Neural Networks\n",
    "\n",
    "_Recurrent neural networks_ (RNN) are the last major neural architecture we will talk about during our labs. They are used to process data sequences. One-dimensional CNNs can also be used for sequence processing, however, RNNs should be better at modeling long-term dependencies between individual inputs. RNNs are also more versatile for sequence data, e.g. they can be used for tasks that expect a sequence as an output, or that expect a separate label for each input.\n",
    "\n",
    "_Recurrent cell_ lies at the heart of RNNs. Cell is the basic operation that is done as we process one step from a series of $N$ inputs $\\mathbf{x}_1, \\mathbf{x}_2, ..., \\mathbf{x}_N$. For step $i$ the cell looks like this:\n",
    "\n",
    "   y\n",
    "> cell >\n",
    "   x\n",
    "   \n",
    "- $\\mathbf{x}_i$ is $i$-th input\n",
    "- $\\mathbf{y}_i$ is $i$-th output\n",
    "- $\\mathbf{s}_i$ is the state of cell for $i$-th step\n",
    "   \n",
    "All of these quantities are vectors. As the figure above illustrates, at each step the cell depends on two inputs - the input for the step itself and the state of the cell from previous step. Because the cell \"sees\" the state from previous steps, the layer can process the current step while using the knowledge about all the previous steps.\n",
    "\n",
    "We can imagine the recurrent layer as a series o cell operations:\n",
    "\n",
    "   y       y\n",
    "> cell > cell >\n",
    "   x       x\n",
    "   s vyznacenim trasy\n",
    "   \n",
    "Note that when we follow the flow of computation leading to output $\\mathbf{y}_i$, we can see that it depends on all the previous inputs $\\mathbf{x}_1, \\mathbf{x}_2, ..., \\mathbf{x}_i$. It also depends on the initial state $\\mathbf{s}_0$, which is usually a trainable parameter vector of the model.\n",
    "\n",
    "### Recurrent cell variants\n",
    "\n",
    "Multiple variants of recurrent cells exist, e.g. this is the definition of _Ellman cell_:\n",
    "\n",
    "$$\n",
    "\\mathbf{h}_i = \\sigma(\\mathbf{W}_{in}\\mathbf{x}_i + \\mathbf{W}_{hid}\\mathbf{s}_{i-1} + \\mathbf{b}_{hid}) \\\\\n",
    "\\mathbf{y}_i = \\sigma(\\mathbf{W}_{out}\\mathbf{h}_i + \\mathbf{b}_{out})  \\\\\n",
    "\\mathbf{s}_i = \\mathbf{h}_i \\\\\n",
    "$$\n",
    "\n",
    "The definition of $\\mathbf{h}_i$ and $\\mathbf{y}_i$ is very similar to MLP, the only difference is that $\\mathbf{h}_i$ also depends on the state from previous step cell. In this case the state $\\mathbf{s}_i$ is simply the value of hidden layer $\\mathbf{h}_i$ within the cell. Note that the same parameters (weights and biases) are used for each step. The computation done by a cell is the same for each step, only the inputs of the cell ($\\mathbf{x}_i$ and $\\mathbf{s}_{i-1}$) differ.\n",
    "\n",
    "Simple cells like these does not perform very well. The information is being transformed by matrix multiplication each time step. This tends to dilute the information and the network \"forgets\" about what it has seen in the past. This limits the use of simple recurrent cells only for relatively short sequences. Simple cells are also quite unstable to train and suffer from so called _exploding/vanishing gradient_ [FIXME: reference] problem, which makes them unstable to train.\n",
    "\n",
    "Instead of these simple cells we usually use more complex cells that were developed to address the issues we mentiond. Most common of these cells are _LSTM_ and _GRU_ cells [FIXME: references]. Check the further reading section if you are interested in why they tend to work better than vanilla recurrent cells.\n",
    "\n",
    "### Training\n",
    "\n",
    "The operation used for RNN are very similar as the oprations from MLP. We use matrix multiplication, addition, activation functions and that is basically all there is to it. The training routine is therefore also quite similar to MLP. Again, we simply use _stochastic gradient descent_ to calculate the derivatives of the loss function w.r.t. each parameter.\n",
    "\n",
    "### Recurrent architectures\n",
    "\n",
    "There are multiple ways of using recurrent layers depending on the nature of the task we want to solve. In all the following example the recurrent layer is the same, we only work differently with the inputs and outputs of this layer to get it to do what we want.\n",
    "\n",
    "#### Many to one\n",
    "\n",
    "We feed the recurrent layer until we process the whole input. Then we use the result of this pass to get a label. We use this type of RNN to do:\n",
    "\n",
    "- Sequence classification - We want to assign a label to a sequence (i.e. text classification, event detection).\n",
    "- Single-hop prediction - We want to predict singular next value.\n",
    "\n",
    "For final computation we can either:\n",
    "\n",
    "- Discard all the outputs, but the last $\\mathbf{y}_N$. Then we use only this output.\n",
    "- Pool all the outputs using max- or in this case more often mean-pooling of all the output $\\mathbf{y}_i$.\n",
    "\n",
    "#### One to many\n",
    "\n",
    "We feed the recurrent layer with one value and we expect it to produce multiple values. We use this type for:\n",
    "\n",
    "- Generation tasks - We want to generate a series of values based on a prompt (e.g. image captioning, music generation).\n",
    "\n",
    "The other than first cells also expect some input $\\mathbf{x}_{i>1}$, otherwise they can not compute further. We can either use the same input as for the first cell $\\mathbf{x}_1$, or we can feed them the output from previous step $\\mathbf{y}_{i-1}$.\n",
    "\n",
    "#### Many to many\n",
    "\n",
    "We feed the recurrent layer with multiple values and we expect an output for each of them. We use this type for:\n",
    "\n",
    "- Input tagging - We want to assign each input into a class (e.g. part-of-speech tagging, event scope detection).\n",
    "\n",
    "#### Sequence to sequence\n",
    "\n",
    "We feed the recurrent layer a series of inputs and we expect a series as an output. We use thys type for:\n",
    "\n",
    "- Multi-hop prediction - We want to generate multiple values as a prediction.\n",
    "\n",
    "### Advanced recurrent architectures\n",
    "\n",
    "The architecture mentioned above show how can a single recurrent layer be used. In this section we show some example of how to combine multiple layers for various use-cases.\n",
    "\n",
    "#### Bi-directional recurrent network\n",
    "\n",
    "We can combine two recurrent layers, one that processes the data from start to end, while the other goes backwards from end to start. We simply combine the outputs of these two networks for each time step. The advantage of this combination is that for each time step the following layer \"sees\" all the inputs, not only the previous ones. This is depicted in the figure by red outline\n",
    "\n",
    "#### Multilayer recurrent network\n",
    "\n",
    "We can also simply stack multiple recurrent layers on top of each other. This is mainly used to increase the capacity of the model. Usually RNNs are not as deep as CNNs and we use up to 5 layers. One layer is usually enough as a starting point.\n",
    "\n",
    "#### Hierarchical recurrent network\n",
    "\n",
    "For sequences of sequences (e.g. sentence is a sequence of words and words are sequences of characters) hierarchical recurrent networks can be used. We again combine two networks. In this case, the first processes the words character by character. The outputs of this network for each word are then fed to another RNN.\n",
    "\n",
    "#### Encoder-decoder architecture\n",
    "\n",
    "We can combine two recurrent layers for sequence to sequence tasks as well. We then have one layer that encodes the input into a representation and the other that decodes this representation into a series of outputs. The main use case for this architecture is machine translation.\n",
    "\n",
    "### Time series prediction example\n",
    "\n",
    "Show task\n",
    "\n",
    "Exercise which of the previously mentioned RNN architecture would you use?\n",
    "\n",
    "\n",
    "\n",
    "## Architecture comparison\n",
    "\n",
    "We have discussed three major neural architectures during our labs. Each is well suited for different kind of data:\n",
    "\n",
    "1. _Multilayer Perceptron._ Used for fixed size feature vectors.\n",
    "2. _Convolutional Neural Networks_. Used for fixed size 1D, 2D or 3D data with strong spatial relation.\n",
    "3. _Recurrent Neural Networks._ Used for sequences.\n",
    "\n",
    "We can combine these architectures, e.g. we have seen convolutional neural networks with dense layers at the top. We can also combine convolutional and recurrent networks for video processing. (We process each video frame with convolutional layers. Then we take these frame representations and feed them into a recurrent network.)\n",
    "\n",
    "Some of these combinations are considered specific architectures on their own, e.g.:\n",
    "\n",
    "- _Autoencoder:_ Used for learning compact representations.\n",
    "- _Generational Adversarial Networks:_ Used to generate images and sounds.\n",
    "- _Graph Neural Networks:_ Used to process graphs.\n",
    "\n",
    "There are also many additional architecture, that are different from the three we mentioned. These can include recursive networks, self-organizing maps, attention-based networks (e.g. Transformer architecture) and many others. These are mostly used only occasionally.\n",
    "\n",
    "## Word Embeddings\n",
    "\n",
    "RNNs are often used for _natural language processing_ (NLP). Words are sequences of letters, sentences are sequences of words, documents are sequences of paragraphs. The written and spoken language are both very sequential in nature. Another fine feature of RNNs is that they are quite versatile. Their different forms, as depicted above, can be used for structurally different tasks:\n",
    "\n",
    "- many-to-one - text classification\n",
    "- many-to-many - part-of-speech tagging\n",
    "- sequence-to-sequence - machine translation\n",
    "- one to many - image labeling\n",
    "\n",
    "But, how should we feed text into neural models? The most common way is to feed the networks word by word, while each word is represented by its `id` - an integer identifying each particular word form:\n",
    "\n",
    "```\n",
    "load_data\n",
    "print_data\n",
    "print word2id fict\n",
    "print ids\n",
    "```\n",
    "\n",
    "Then we can use so called _embedding_ layer to get a vector representation from each `id`. Embedding layer has a vector representation assigned for each id an\n",
    "\n",
    "```\n",
    "keras example\n",
    "```\n",
    "\n",
    "Note, that this is logically the same thing as having each word represented by one-hot representation and then multiplying this with W. Embedding layer is used because simply selecting n-th row is more efficient than multiplying magrices.\n",
    "\n",
    "\n",
    "Data loaded this way have batch_size, time_size, emb_dim shape and they can be used for further calculations, e.g. a simple text classification model:\n",
    "\n",
    "```\n",
    "emb\n",
    "lstm\n",
    "dense\n",
    "```\n",
    "\n",
    "### Pre-trained embeddings\n",
    "\n",
    "The embeddings are essentially representations of words, i.e. they should encode semantic information about the meaning of the words. Because many NLP tasks need the same information, we can actually take the embeddings trained for one task and reuse them for other task. This practically means that we can simply take the matrix W and use it later.\n",
    "\n",
    "Large portion of parameters\n",
    "Rare words\n",
    "Time efficiency\n",
    "\n",
    "There are multiple libraries used to generate word embeddings. Some of the earliest were word2vec and GloVe. However I would recommend using fastText, they should perform better. Often you can simply download pre-trained embedding matrices from the internet, e.g. list of fastText embeddings for various languages.\n",
    "\n",
    "Then we can load the vectors as our embedding matrix initializer:\n",
    "\n",
    "\n",
    "train or do not train embedding layer?\n",
    "\n",
    "make sure your vocabularies match\n",
    "\n",
    "__Exercise 8.X:__ TensorBoard can also visualize word embeddings so we can explore them. Exercise: play with tensorboard, try to find what words are familiar\n",
    "\n",
    "__Exercise 8.X:__ Maybe word2vec online to see what are the most similar words?\n",
    "\n",
    "### PA: 8.X LSTM-based POS tagger [2 pts]\n",
    "\n",
    "Part-of-speech tagging (_POS tagging_) is a classical NLP task. We want to mark each word in a sentence with a correct POS tag. POS tags are grammatical categories of words, such as _verb_, _noun_, etc. The data for this task consist of sentences and their respective POS tags:\n",
    "\n",
    "POS data example\n",
    "\n",
    "We are essentially trying to perform a classification for each word.\n",
    "\n",
    "We can solve this task with RNN architecture depicted below:\n",
    "\n",
    "softmax softmax softmax\n",
    "\n",
    "dense   dense    dense\n",
    "\n",
    "bi-dir lstm\n",
    "\n",
    "wordem  wordem   wordem\n",
    "\n",
    "Implement this architecture in keras. There are several gotchas:\n",
    "\n",
    "masking\n",
    "bidir\n",
    "dense over multiple time steps\n",
    "loss is meanpooled\n",
    "\n",
    "### Other forms\n",
    "\n",
    "char, subword based representation\n",
    "LM pre-training\n",
    "\n",
    "## Further Reading\n",
    "\n",
    "C.Olah LSTM\n",
    "BPTT?"
   ]
  },
  {
   "cell_type": "code",
   "execution_count": 46,
   "metadata": {},
   "outputs": [
    {
     "name": "stdout",
     "output_type": "stream",
     "text": [
      "5\n",
      "5\n",
      "5\n",
      "5\n",
      "5\n",
      "5\n",
      "5\n",
      "5\n",
      "5\n",
      "5\n"
     ]
    }
   ],
   "source": [
    "def a():\n",
    "    for _ in range(10):\n",
    "        yield(5)\n",
    "        \n",
    "for i in a():\n",
    "    print(i)"
   ]
  },
  {
   "cell_type": "code",
   "execution_count": 36,
   "metadata": {},
   "outputs": [
    {
     "name": "stdout",
     "output_type": "stream",
     "text": [
      "[[1 2 3]\n",
      " [1 2 3]\n",
      " [1 2 3]]\n"
     ]
    }
   ],
   "source": []
  },
  {
   "cell_type": "code",
   "execution_count": null,
   "metadata": {},
   "outputs": [
    {
     "name": "stdout",
     "output_type": "stream",
     "text": [
      "WARNING:tensorflow:Layer lst_model_9 is casting an input tensor from dtype float64 to the layer's dtype of float32, which is new behavior in TensorFlow 2.  The layer has dtype float32 because it's dtype defaults to floatx.\n",
      "\n",
      "If you intended to run this layer in float32, you can safely ignore this warning. If in doubt, this warning is likely only an issue if you are porting a TensorFlow 1.X model to TensorFlow 2.\n",
      "\n",
      "To change all layers to have dtype float64 by default, call `tf.keras.backend.set_floatx('float64')`. To change just this layer, pass dtype='float64' to the layer constructor. If you are the author of this layer, you can disable autocasting by passing autocast=False to the base Layer constructor.\n",
      "\n",
      "Train for 100 steps\n",
      "Epoch 1/20\n",
      "100/100 [==============================] - 35s 350ms/step - loss: 0.2499\n",
      "Epoch 2/20\n",
      "100/100 [==============================] - 36s 358ms/step - loss: 0.0203\n",
      "Epoch 3/20\n",
      "100/100 [==============================] - 40s 398ms/step - loss: 0.0066\n",
      "Epoch 4/20\n",
      "100/100 [==============================] - 43s 428ms/step - loss: 0.0034\n",
      "Epoch 5/20\n",
      "  1/100 [..............................] - ETA: 36s - loss: 0.0038"
     ]
    }
   ],
   "source": [
    "import numpy as np\n",
    "import matplotlib.pyplot as plt\n",
    "\n",
    "lin = np.arange(1000) / 20.0\n",
    "\n",
    "\n",
    "\n",
    "def gen():\n",
    "    while True:\n",
    "        a = np.random.rand() * 1.5 + 0.5\n",
    "        b = np.random.randint(0, 100)\n",
    "        c = (np.random.rand() - 0.5) * 0.1\n",
    "        data = np.sin(lin * a + b) + c\n",
    "\n",
    "        yield np.expand_dims(data[:-2], axis=-1), data[-1]\n",
    "\n",
    "g = gen()\n",
    "test_data = [next(g) for _ in range(100)]\n",
    "test_targets = np.array([target for _, target in test_data])\n",
    "test_data = np.array([data for data, _ in test_data])\n",
    "    \n",
    "import tensorflow as tf\n",
    "\n",
    "ds = tf.data.Dataset.from_generator(\n",
    "    generator=gen,\n",
    "    output_types=(tf.float64, tf.float64),\n",
    "    output_shapes=(tf.TensorShape([998, 1]), tf.TensorShape([])))\n",
    "\n",
    "class LSTModel(tf.keras.Model):\n",
    "    \n",
    "    def __init__(self):\n",
    "        super(LSTModel, self).__init__()\n",
    "        self.lstm = tf.keras.layers.LSTM(20)\n",
    "        self.dense = tf.keras.layers.Dense(1)\n",
    "        \n",
    "    def call(self, x):\n",
    "        x = self.lstm(x)\n",
    "        x = self.dense(x)\n",
    "        return x\n",
    "    \n",
    "model = LSTModel()\n",
    "\n",
    "model.compile(\n",
    "    optimizer='adam',\n",
    "    loss='mse')\n",
    "\n",
    "model.fit(\n",
    "    x=ds.batch(10),\n",
    "    epochs=20,\n",
    "    steps_per_epoch=100\n",
    "    )"
   ]
  },
  {
   "cell_type": "code",
   "execution_count": 23,
   "metadata": {},
   "outputs": [],
   "source": [
    "inputs = np.random.randint(1, 10, (100, 10))\n",
    "labels = np.random.randint(0, 10, (100, 10))\n",
    "lengths = np.random.randint(0, 10, (100))\n",
    "\n",
    "for i in range(len(inputs)):\n",
    "    pad = np.random.randint(0, 3)\n",
    "    if pad > 1:\n",
    "        inputs[i][-pad:] = 0\n",
    "        \n"
   ]
  },
  {
   "cell_type": "code",
   "execution_count": 55,
   "metadata": {},
   "outputs": [
    {
     "name": "stdout",
     "output_type": "stream",
     "text": [
      "Train on 100 samples\n",
      "100/100 [==============================] - 5s 54ms/sample - loss: 2.3034 - accuracy: 0.1000\n",
      "[[[0.09564055 0.1017001  0.09783272 0.10013057 0.10220268 0.10089336\n",
      "   0.1044311  0.09820043 0.0987882  0.10018026]\n",
      "  [0.09523791 0.1017128  0.09751853 0.10036465 0.10225369 0.10099796\n",
      "   0.10442344 0.09843178 0.0989216  0.10013764]\n",
      "  [0.09550598 0.10151276 0.09754062 0.10027681 0.10222578 0.10124306\n",
      "   0.1041134  0.09816243 0.09912771 0.10029144]\n",
      "  [0.09567998 0.10148959 0.09752934 0.10045663 0.10178357 0.10107735\n",
      "   0.10434535 0.09819596 0.09917551 0.10026665]\n",
      "  [0.09545565 0.10144786 0.09734586 0.100485   0.10187369 0.1009491\n",
      "   0.10462336 0.09824459 0.09965297 0.09992193]\n",
      "  [0.09541536 0.10125305 0.0975416  0.10064007 0.10175854 0.10101362\n",
      "   0.10397419 0.09841356 0.09995051 0.10003947]\n",
      "  [0.09574209 0.10103604 0.09772458 0.10067486 0.10167212 0.10116018\n",
      "   0.10330079 0.09836906 0.10007827 0.100242  ]\n",
      "  [0.09569955 0.1009476  0.09750525 0.10096513 0.10141841 0.1011998\n",
      "   0.10311542 0.0989311  0.1001083  0.1001095 ]\n",
      "  [0.09642719 0.10085922 0.09737133 0.10089415 0.10143978 0.10085046\n",
      "   0.10269896 0.09910035 0.10063862 0.09971993]\n",
      "  [0.09742531 0.10063539 0.09779347 0.10094146 0.10066774 0.10057028\n",
      "   0.10208832 0.09930571 0.10078421 0.09978811]]\n",
      "\n",
      " [[0.09551071 0.10193891 0.0977309  0.10028323 0.10229854 0.10045221\n",
      "   0.10446699 0.09817095 0.09907216 0.10007539]\n",
      "  [0.09558786 0.10185167 0.09722438 0.10038681 0.10238102 0.10022154\n",
      "   0.10488595 0.09804001 0.099572   0.09984876]\n",
      "  [0.0951969  0.10173619 0.09722475 0.10072967 0.10208219 0.10052485\n",
      "   0.10483603 0.09848813 0.09942186 0.09975945]\n",
      "  [0.09517339 0.10155218 0.09708275 0.10072031 0.10203481 0.10061525\n",
      "   0.10466355 0.09888837 0.0995284  0.09974099]\n",
      "  [0.09553984 0.10139107 0.09699947 0.10048559 0.10190336 0.10048627\n",
      "   0.10468446 0.09899996 0.09963334 0.09987668]\n",
      "  [0.09570059 0.10126016 0.09734686 0.10039961 0.10186971 0.10088018\n",
      "   0.10413576 0.09851684 0.09979369 0.10009661]\n",
      "  [0.09602672 0.10086685 0.09741525 0.10043195 0.10188927 0.1006652\n",
      "   0.10393479 0.09849241 0.10033013 0.09994744]\n",
      "  [0.09611545 0.10098316 0.0971542  0.1008669  0.10128161 0.10039167\n",
      "   0.10380784 0.09914573 0.10032824 0.09992522]\n",
      "  [0.09670357 0.10068542 0.09761881 0.10063985 0.10100567 0.10081464\n",
      "   0.10319115 0.09875222 0.10045644 0.1001322 ]\n",
      "  [0.09735046 0.10045395 0.09737889 0.10069054 0.10073598 0.10057532\n",
      "   0.10308801 0.09890868 0.10097939 0.0998387 ]]\n",
      "\n",
      " [[0.09618233 0.10171106 0.0976414  0.09970594 0.10232899 0.10060908\n",
      "   0.10425483 0.09811005 0.09923396 0.1002223 ]\n",
      "  [0.09607258 0.10169249 0.09699608 0.09984574 0.10228125 0.10045638\n",
      "   0.10492755 0.09809414 0.09975337 0.09988037]\n",
      "  [0.09595118 0.1013035  0.09724826 0.09998542 0.1021583  0.10060411\n",
      "   0.10496006 0.09809023 0.09996741 0.0997315 ]\n",
      "  [0.09530488 0.10125829 0.09739966 0.1004056  0.10201284 0.10074157\n",
      "   0.10438868 0.09853637 0.10008631 0.09986585]\n",
      "  [0.09537304 0.10143477 0.09712285 0.10060856 0.10218951 0.10030209\n",
      "   0.10403723 0.09888365 0.10054611 0.09950217]\n",
      "  [0.09560553 0.10157656 0.0967617  0.10100351 0.10159057 0.09993039\n",
      "   0.10401081 0.09956214 0.10051226 0.09944659]\n",
      "  [0.09587686 0.10153498 0.09664322 0.10111438 0.1010115  0.10002734\n",
      "   0.10434217 0.09968642 0.10027017 0.09949289]\n",
      "  [0.09622905 0.1012679  0.0968908  0.10095882 0.10061905 0.10026091\n",
      "   0.10435709 0.09956567 0.10018822 0.09966251]\n",
      "  [0.09613843 0.10094787 0.0973896  0.10105427 0.10061628 0.10067905\n",
      "   0.10352567 0.09943484 0.10036945 0.0998445 ]\n",
      "  [0.09668661 0.10088395 0.09724305 0.10131131 0.10021167 0.10040448\n",
      "   0.10317867 0.09987752 0.10043166 0.09977106]]\n",
      "\n",
      " [[0.09643459 0.1017337  0.09755825 0.09973347 0.10227467 0.10035842\n",
      "   0.10464816 0.09824941 0.0987554  0.10025394]\n",
      "  [0.09594155 0.10171437 0.09719977 0.09976455 0.10252921 0.10032251\n",
      "   0.10512207 0.09820464 0.09929004 0.09991135]\n",
      "  [0.09615315 0.10156424 0.09681965 0.0998234  0.10241627 0.10018341\n",
      "   0.10535996 0.09814674 0.09981985 0.09971333]\n",
      "  [0.09613148 0.10105371 0.09718998 0.09991594 0.10229284 0.1004604\n",
      "   0.10527039 0.09808051 0.09990745 0.09969733]\n",
      "  [0.09593788 0.10117265 0.09709006 0.10025754 0.10221261 0.10028303\n",
      "   0.1048817  0.0984764  0.10023633 0.09945186]\n",
      "  [0.09614301 0.1011121  0.09709961 0.10032725 0.10180756 0.10017078\n",
      "   0.10460808 0.09888346 0.10020354 0.09964459]\n",
      "  [0.09619635 0.10118371 0.09715569 0.10039625 0.10185502 0.10023434\n",
      "   0.10423619 0.09878884 0.10049012 0.09946348]\n",
      "  [0.09674086 0.10091861 0.09751375 0.1005224  0.10142732 0.10038137\n",
      "   0.10320206 0.09892076 0.10067938 0.09969353]\n",
      "  [0.0970777  0.1007861  0.09739969 0.10064045 0.10100121 0.10029109\n",
      "   0.10301521 0.09932475 0.10065711 0.09980672]\n",
      "  [0.09766714 0.1005712  0.09788911 0.10066468 0.10043856 0.10041944\n",
      "   0.10255119 0.09921463 0.10061705 0.09996706]]\n",
      "\n",
      " [[0.09647408 0.10132312 0.0978241  0.09954213 0.10252808 0.10085904\n",
      "   0.10442332 0.09806632 0.09866666 0.10029319]\n",
      "  [0.09633957 0.10101752 0.09762705 0.09959605 0.1026877  0.100818\n",
      "   0.10476094 0.09792104 0.09911175 0.10012038]\n",
      "  [0.09575015 0.10092885 0.09766445 0.09993532 0.10262766 0.10098661\n",
      "   0.10438193 0.0982036  0.09927417 0.10024727]\n",
      "  [0.09589174 0.10109857 0.09732652 0.09999183 0.10287599 0.1006061\n",
      "   0.10420919 0.09834585 0.09977046 0.09988379]\n",
      "  [0.09631198 0.10098317 0.09744772 0.1000111  0.10258625 0.10067968\n",
      "   0.10356359 0.09838912 0.09999916 0.1000282 ]\n",
      "  [0.09662446 0.10064066 0.09740259 0.10000774 0.10252942 0.10053561\n",
      "   0.10352512 0.09841335 0.10038439 0.09993665]\n",
      "  [0.09683515 0.10053743 0.09753575 0.10025263 0.10212786 0.10065182\n",
      "   0.10278464 0.09864738 0.10049035 0.10013705]\n",
      "  [0.09739044 0.10046502 0.09752285 0.10040325 0.10154247 0.10034826\n",
      "   0.10267944 0.09901894 0.10051124 0.10011807]\n",
      "  [0.09786075 0.10024489 0.09746228 0.10037185 0.10117357 0.10009284\n",
      "   0.10283832 0.09902947 0.10079472 0.10013136]\n",
      "  [0.09828385 0.10020003 0.09769328 0.10045809 0.10070891 0.10007907\n",
      "   0.10254731 0.0989225  0.10098499 0.100122  ]]\n",
      "\n",
      " [[0.09621508 0.10175951 0.0973023  0.09999792 0.10246199 0.10012449\n",
      "   0.10504918 0.09801839 0.09919122 0.09987995]\n",
      "  [0.09568964 0.10166356 0.09729844 0.10031655 0.10220837 0.10050984\n",
      "   0.10504548 0.09836813 0.09908845 0.09981154]\n",
      "  [0.09590495 0.10144179 0.09742359 0.10015172 0.10220306 0.10075533\n",
      "   0.10461306 0.0981928  0.09932817 0.09998552]\n",
      "  [0.0959571  0.10137768 0.09740543 0.10022058 0.10209498 0.10087764\n",
      "   0.10431646 0.09813797 0.09956994 0.10004222]\n",
      "  [0.09612082 0.10105973 0.09733918 0.10023867 0.10212826 0.10066756\n",
      "   0.10436583 0.09813914 0.10007474 0.09986605]\n",
      "  [0.09605466 0.10108715 0.09720572 0.10045017 0.10171056 0.10050648\n",
      "   0.10428305 0.09862002 0.10010934 0.09997284]\n",
      "  [0.09583864 0.10099001 0.09744822 0.10049858 0.10174675 0.10083921\n",
      "   0.10374846 0.09849716 0.10025825 0.10013469]\n",
      "  [0.09646633 0.10084631 0.09717806 0.10054805 0.10161116 0.10054771\n",
      "   0.10362961 0.09852031 0.10074342 0.09990912]\n",
      "  [0.09708796 0.10060608 0.09771906 0.10074347 0.10077302 0.10060022\n",
      "   0.10321064 0.09881021 0.10053236 0.09991695]\n",
      "  [0.09699512 0.10020717 0.09810258 0.10074592 0.10059101 0.10089174\n",
      "   0.10265638 0.09904557 0.10070809 0.10005638]]\n",
      "\n",
      " [[0.09652952 0.1013276  0.09755163 0.0993289  0.10273425 0.10044126\n",
      "   0.10481509 0.09789669 0.09922029 0.10015476]\n",
      "  [0.09584512 0.10127539 0.097508   0.09961871 0.10271153 0.10065971\n",
      "   0.10451867 0.09807143 0.09945847 0.10033295]\n",
      "  [0.09601872 0.10121786 0.09701165 0.0995716  0.10278033 0.10047059\n",
      "   0.10485058 0.09796561 0.09991826 0.1001948 ]\n",
      "  [0.09602364 0.10104156 0.09726544 0.09968278 0.10247936 0.10091101\n",
      "   0.10448282 0.09795695 0.09981679 0.10033962]\n",
      "  [0.09615257 0.10096844 0.09677088 0.0997836  0.10234649 0.10073809\n",
      "   0.10494386 0.09806936 0.10015322 0.1000735 ]\n",
      "  [0.09620238 0.10098383 0.09679064 0.10001677 0.10218917 0.10065999\n",
      "   0.10477708 0.0984036  0.10030786 0.09966865]\n",
      "  [0.09622004 0.10078011 0.09704952 0.10018397 0.10198761 0.10069668\n",
      "   0.1040452  0.09876052 0.10046988 0.09980648]\n",
      "  [0.09662652 0.1007966  0.09690742 0.10029452 0.1020353  0.10030727\n",
      "   0.10360899 0.09904025 0.10086431 0.09951885]\n",
      "  [0.0975753  0.1006673  0.09698039 0.10038816 0.10146293 0.09987865\n",
      "   0.10320411 0.09910595 0.10114223 0.09959492]\n",
      "  [0.09804928 0.10053532 0.09736606 0.10045242 0.10085883 0.09994364\n",
      "   0.10286526 0.09899236 0.10119109 0.09974565]]\n",
      "\n",
      " [[0.0959615  0.10208311 0.09698751 0.10039474 0.10207666 0.09978477\n",
      "   0.10453017 0.09935202 0.09902021 0.0998093 ]\n",
      "  [0.09587003 0.10195852 0.09683017 0.10025852 0.10198868 0.09999284\n",
      "   0.10506999 0.09905264 0.09905361 0.09992497]\n",
      "  [0.09559421 0.10209218 0.09647404 0.10044739 0.10186068 0.10011403\n",
      "   0.10550891 0.09897301 0.09905039 0.09988517]\n",
      "  [0.09581959 0.10157843 0.09679265 0.10017861 0.10200095 0.10037436\n",
      "   0.10559778 0.09830134 0.09950335 0.09985292]\n",
      "  [0.09589176 0.1013965  0.09660563 0.10039752 0.10182394 0.10028625\n",
      "   0.1055228  0.09840317 0.09996005 0.09971228]\n",
      "  [0.0957116  0.10118948 0.09679739 0.10067143 0.10154044 0.10063292\n",
      "   0.10504869 0.09894747 0.09977622 0.09968442]\n",
      "  [0.09626307 0.10112207 0.09669616 0.10056786 0.10172415 0.10032968\n",
      "   0.10451829 0.09911259 0.10028586 0.09938022]\n",
      "  [0.09708245 0.10092499 0.09706277 0.10061918 0.10111238 0.10004427\n",
      "   0.10388316 0.09933069 0.1004231  0.09951703]\n",
      "  [0.09759162 0.10058931 0.09718441 0.10052975 0.10077963 0.0998977\n",
      "   0.10382729 0.09922881 0.10067838 0.09969315]\n",
      "  [0.09805249 0.1004542  0.0975346  0.10057494 0.10035688 0.0999472\n",
      "   0.10335267 0.09905495 0.10086533 0.09980671]]\n",
      "\n",
      " [[0.09607135 0.10195937 0.09717654 0.10013181 0.1022464  0.09998386\n",
      "   0.10469171 0.09859902 0.09948819 0.09965179]\n",
      "  [0.09555873 0.10183721 0.09708811 0.10054042 0.10200286 0.10029951\n",
      "   0.10463732 0.09911001 0.09937849 0.09954733]\n",
      "  [0.09570128 0.10185988 0.09659977 0.10067631 0.10174724 0.10010433\n",
      "   0.10494964 0.09949194 0.09937888 0.09949074]\n",
      "  [0.09565374 0.10159668 0.09689202 0.1005927  0.10174943 0.10047977\n",
      "   0.10470262 0.09911355 0.0995472  0.0996723 ]\n",
      "  [0.09616852 0.1013863  0.09706464 0.10063235 0.10143315 0.10021228\n",
      "   0.10442586 0.09921085 0.09970625 0.0997598 ]\n",
      "  [0.09612957 0.10106426 0.09696812 0.10052779 0.10122846 0.10022297\n",
      "   0.10473341 0.09943051 0.0997808  0.09991404]\n",
      "  [0.09622788 0.10093063 0.09694203 0.10048981 0.10115379 0.10037066\n",
      "   0.10471173 0.09932446 0.09979355 0.10005541]\n",
      "  [0.09646985 0.10093299 0.09689358 0.10057079 0.10133506 0.10030457\n",
      "   0.10433844 0.09914069 0.10029953 0.09971451]\n",
      "  [0.09742796 0.10074309 0.09696703 0.10066681 0.10090047 0.09988926\n",
      "   0.1038082  0.09912109 0.10076308 0.09971296]\n",
      "  [0.09791353 0.10056902 0.09735271 0.10070987 0.10040669 0.09996229\n",
      "   0.10336734 0.09896106 0.10093793 0.09981966]]\n",
      "\n",
      " [[0.0963835  0.10185011 0.09731939 0.10004073 0.10246144 0.09986963\n",
      "   0.10425302 0.09903628 0.09894728 0.09983867]\n",
      "  [0.09637313 0.10181053 0.0973719  0.10008425 0.10228947 0.09999689\n",
      "   0.10439905 0.09867868 0.09905102 0.09994516]\n",
      "  [0.09627086 0.10150566 0.09695337 0.10005112 0.10233333 0.10000042\n",
      "   0.10498584 0.09850583 0.09960494 0.09978861]\n",
      "  [0.09648974 0.10126756 0.09677995 0.10021177 0.10216504 0.10007407\n",
      "   0.1050771  0.09846005 0.09989253 0.09958221]\n",
      "  [0.09677128 0.10106515 0.09722084 0.10036344 0.10161217 0.10017631\n",
      "   0.1047405  0.09863809 0.09973764 0.09967458]\n",
      "  [0.09670077 0.10074937 0.09747838 0.10027941 0.10154787 0.10052969\n",
      "   0.10426711 0.09860092 0.09991658 0.09992986]\n",
      "  [0.09695322 0.1006246  0.09745546 0.10040126 0.10148494 0.10062096\n",
      "   0.10359211 0.0986914  0.10015992 0.1000161 ]\n",
      "  [0.09744923 0.10051638 0.09744778 0.10055958 0.1010523  0.10030692\n",
      "   0.10336807 0.09902838 0.10029383 0.09997749]\n",
      "  [0.09787937 0.10027507 0.09739831 0.10052133 0.10079818 0.10004719\n",
      "   0.1034173  0.09901651 0.10065176 0.09999499]\n",
      "  [0.09827796 0.10021646 0.09764176 0.10059225 0.10042238 0.10003462\n",
      "   0.10302687 0.09889461 0.10089112 0.10000195]]\n",
      "\n",
      " [[0.09619762 0.1018936  0.09726897 0.10008796 0.10212497 0.10033706\n",
      "   0.1046058  0.09854626 0.09881513 0.10012265]\n",
      "  [0.09607116 0.1018899  0.09739841 0.10020766 0.1018614  0.10057385\n",
      "   0.10484488 0.0981028  0.09882336 0.10022656]\n",
      "  [0.09569252 0.10189132 0.09714969 0.10031159 0.10202321 0.10054599\n",
      "   0.10513682 0.09800128 0.09937045 0.09987715]\n",
      "  [0.09600147 0.1017928  0.09733725 0.10045435 0.10150934 0.10043566\n",
      "   0.10493332 0.09805734 0.09954004 0.09993846]\n",
      "  [0.09538513 0.10143757 0.09755131 0.10047227 0.10153565 0.10086033\n",
      "   0.10480902 0.09809718 0.09970536 0.10014622]\n",
      "  [0.09559648 0.1010456  0.09767712 0.10045185 0.10173571 0.10078213\n",
      "   0.10450857 0.09796847 0.10013507 0.10009903]\n",
      "  [0.09523725 0.10102349 0.09763296 0.10089813 0.10140757 0.10093769\n",
      "   0.10402881 0.0986433  0.10010086 0.10008991]\n",
      "  [0.09573895 0.10100166 0.09748516 0.10085311 0.10150384 0.10065245\n",
      "   0.10357953 0.09889559 0.10055386 0.09973583]\n",
      "  [0.09601443 0.10087489 0.09753384 0.10107953 0.10112085 0.1006246\n",
      "   0.10285724 0.09950758 0.10067764 0.09970939]\n",
      "  [0.09674875 0.10074768 0.09734314 0.10112085 0.10061045 0.10045204\n",
      "   0.10268577 0.09995756 0.1006116  0.09972211]]\n",
      "\n",
      " [[0.09583948 0.10170978 0.09769639 0.10008306 0.10236827 0.10034364\n",
      "   0.10403873 0.09892429 0.09914872 0.0998477 ]\n",
      "  [0.09590816 0.10136654 0.09755952 0.10013707 0.10265325 0.100127\n",
      "   0.1039912  0.0988392  0.09968193 0.09973615]\n",
      "  [0.09568523 0.10156978 0.09699585 0.10067769 0.10218039 0.09986125\n",
      "   0.10421514 0.09948426 0.09963731 0.09969302]\n",
      "  [0.09585638 0.10146765 0.09690654 0.10051536 0.10198655 0.09998567\n",
      "   0.10449967 0.09933032 0.09960379 0.09984801]\n",
      "  [0.09582691 0.10161194 0.0965988  0.10071328 0.10174998 0.10002289\n",
      "   0.10470424 0.09935765 0.09957035 0.09984397]\n",
      "  [0.09627326 0.10132764 0.09694561 0.10054269 0.10160947 0.10046366\n",
      "   0.10423213 0.09880929 0.09977093 0.10002539]\n",
      "  [0.09674864 0.10114891 0.0970206  0.10065093 0.10119297 0.10021976\n",
      "   0.10403876 0.09900547 0.09998786 0.09998606]\n",
      "  [0.09702133 0.10072268 0.09680115 0.10055561 0.10109074 0.10012183\n",
      "   0.10432634 0.09902754 0.10052744 0.09980532]\n",
      "  [0.09771433 0.10047829 0.09701627 0.10068922 0.10066992 0.09998454\n",
      "   0.10395589 0.09904761 0.100675   0.09976891]\n",
      "  [0.0981309  0.10038145 0.09738626 0.10071316 0.10028011 0.10000468\n",
      "   0.10348419 0.09892073 0.10088161 0.0998169 ]]\n",
      "\n",
      " [[0.09609238 0.10180205 0.09739126 0.10016577 0.10205563 0.10010297\n",
      "   0.10466836 0.09886328 0.09895097 0.0999073 ]\n",
      "  [0.09583377 0.10201515 0.09713136 0.10033059 0.10230216 0.10010614\n",
      "   0.10474619 0.09852302 0.0994589  0.09955271]\n",
      "  [0.09617759 0.10192098 0.09730148 0.10050645 0.10171936 0.09989774\n",
      "   0.10454106 0.09863399 0.09969626 0.09960504]\n",
      "  [0.0959655  0.10155757 0.0974729  0.10049006 0.10154582 0.10027943\n",
      "   0.10437556 0.09857187 0.09989303 0.09984832]\n",
      "  [0.09591256 0.10151006 0.09712538 0.10062061 0.101331   0.10012924\n",
      "   0.10456464 0.09893623 0.10001083 0.09985945]\n",
      "  [0.09559053 0.10132758 0.09731547 0.10071342 0.10143249 0.10044285\n",
      "   0.10409664 0.09884974 0.10023934 0.09999202]\n",
      "  [0.09610264 0.10109288 0.09698887 0.10078911 0.10137076 0.1001107\n",
      "   0.10404427 0.09897345 0.10077787 0.09974947]\n",
      "  [0.09637398 0.1008619  0.09713172 0.10095319 0.10086231 0.10015161\n",
      "   0.10383655 0.09945094 0.10060199 0.09977574]\n",
      "  [0.09657642 0.10074785 0.09725016 0.10093745 0.10064477 0.10027431\n",
      "   0.10358278 0.09951518 0.1005671  0.09990401]\n",
      "  [0.09688189 0.10077377 0.0971916  0.10115613 0.10021561 0.10033333\n",
      "   0.10341366 0.09968166 0.10049441 0.09985787]]\n",
      "\n",
      " [[0.09610964 0.10201542 0.0972283  0.09991077 0.10258923 0.10026093\n",
      "   0.10472445 0.09818006 0.09918647 0.09979474]\n",
      "  [0.0962372  0.10168787 0.09722985 0.09995079 0.10256698 0.10017271\n",
      "   0.10467832 0.09798545 0.09974472 0.09974613]\n",
      "  [0.09593485 0.10174019 0.09703943 0.10018686 0.10218013 0.10020898\n",
      "   0.1047725  0.09823317 0.09971815 0.09998577]\n",
      "  [0.09594136 0.10172608 0.09728896 0.10019438 0.10180723 0.10043681\n",
      "   0.10482915 0.09792899 0.09964472 0.10020233]\n",
      "  [0.09579848 0.10143089 0.09705783 0.10016428 0.10165631 0.1005481\n",
      "   0.10540363 0.09782327 0.1000183  0.10009886]\n",
      "  [0.09543674 0.10116191 0.09747152 0.10043757 0.10148145 0.10100436\n",
      "   0.10484995 0.09801892 0.09992841 0.10020917]\n",
      "  [0.09528206 0.10108352 0.09742365 0.1006339  0.10143884 0.10110794\n",
      "   0.10441987 0.09849109 0.09993141 0.10018778]\n",
      "  [0.0954311  0.10085645 0.09742131 0.10066874 0.10129588 0.10126919\n",
      "   0.10402975 0.09894704 0.09993155 0.10014897]\n",
      "  [0.09606487 0.10076995 0.09740017 0.10060015 0.10134969 0.10100134\n",
      "   0.10357458 0.09906148 0.10039198 0.09978584]\n",
      "  [0.09681462 0.10076082 0.09748493 0.1006953  0.10113147 0.10062084\n",
      "   0.1028369  0.09925937 0.10095373 0.09944206]]\n",
      "\n",
      " [[0.09553135 0.10184276 0.09763869 0.10034502 0.10224156 0.10026816\n",
      "   0.10392311 0.09895301 0.09932765 0.09992872]\n",
      "  [0.0953541  0.10203498 0.09698384 0.10073704 0.10209935 0.0999309\n",
      "   0.10430782 0.0993081  0.09940353 0.09984037]\n",
      "  [0.09535227 0.10213058 0.09663693 0.10086051 0.10175039 0.09997097\n",
      "   0.10495207 0.09917907 0.09936002 0.09980717]\n",
      "  [0.09552788 0.10187247 0.09693493 0.1007246  0.10166334 0.10042045\n",
      "   0.1046967  0.09860007 0.09957386 0.09998573]\n",
      "  [0.09548642 0.10197293 0.09640864 0.10103841 0.10135354 0.1001504\n",
      "   0.10506932 0.09899799 0.09970987 0.09981247]\n",
      "  [0.09593711 0.10165376 0.0963506  0.10080234 0.1012285  0.10023896\n",
      "   0.10544872 0.09851786 0.10018073 0.09964138]\n",
      "  [0.09629376 0.10127041 0.09646164 0.10088658 0.1008937  0.10031335\n",
      "   0.10541588 0.09858964 0.10045797 0.09941708]\n",
      "  [0.09645885 0.10100908 0.09682461 0.10094444 0.10042453 0.10048791\n",
